o312 o313 o314 o315 o316 o317 o318 o319 o320 o321 o322 o323 o324 o325 o326 o327 o328 o329 o330 o331 o332 o333 o334 o335 o336 o337 o338 o339 o340 o341 o342 o343 o344 o345 o346 o347 o348 o349 o350 o351 o352 o353 o354 o355 o356 o357 o358 o359 o360 o361 o362 o363 o364 o365 o392 o417 o419 o420 o421 o422 o423 o424 o425 o426 o427 o428 o429 o430 o431 o432 o433 o434 o435 o436 o437 o438 o439 o440 o441 o442 o443 o444 o445 o446 o447 o448 o449 o450 o451 o452 o453 o454 o455 o456 o457 o458 o459 o460 o461 o462 o463 o464 o465 o466 o467 o468 o469 o470 o471 o472 o473 o475 o500 o501 o502 o503 o504 o505 o506 o507 o508 o509 o510 o511 o512 o513 o514 o515 o516 o517 o518 o519 o520 o521 o522 o523 o524 o525 o526 o527 o529 o582 o583 o584 o586 o588 o590 o627 o628 o629 o645 o646 o670

1 1 1 0 0 0 0 0 1 1 1 1 1 1 1 0 0 1 0 1 0 1 0 1 1 1 1 1 1 0 0 1 0 0 1 1 1 1 0 1 0 1 1 0 0 0 1 0 1 1 0 0 0 1 0 1 0 2 1 0 1 0 1 1 1 1 0 0 1 1 1 1 0 1 0 1 0 0 0 1 0 0 1 1 1 1 0 1 1 0 0 1 0 1 0 1 0 1 0 1 0 1 1 0 0 1 1 0 0 1 1 0 1 2 0 1 0 0 0 0 0 1 1 1 1 1 0 1 0 1 0 1 0 1 1 0 1 0 0 1 0 0 1 0 1 0 0 0 0 0 0 1 0 
0 1 1 1 0 1 1 1 1 1 1 0 1 1 0 0 0 0 1 0 1 1 1 1 0 1 0 1 1 0 0 1 0 0 1 0 0 0 1 0 1 0 0 1 1 0 0 0 0 1 0 0 0 0 1 0 1 2 0 1 0 1 1 1 1 1 0 0 1 0 0 0 1 0 1 1 1 0 0 1 0 1 2 1 1 1 1 1 1 0 0 0 0 1 0 0 0 1 0 1 1 1 1 1 0 1 0 1 1 0 0 0 0 1 0 0 1 1 1 1 1 0 1 0 1 1 1 0 1 0 0 0 0 0 1 0 0 1 0 0 1 0 0 1 1 0 1 0 1 0 0 0 1 
0 1 1 0 0 0 0 0 1 1 1 1 1 1 1 0 0 1 0 1 0 1 0 1 1 1 1 1 1 0 0 1 0 0 1 1 1 1 0 1 0 1 1 0 0 0 1 0 1 1 0 0 0 1 0 1 0 2 1 0 1 0 1 1 1 1 0 0 1 1 1 1 0 1 0 1 0 0 0 1 0 0 1 1 1 1 0 1 1 0 0 1 0 1 0 1 0 1 0 1 0 1 1 0 0 1 1 0 0 1 1 0 1 2 0 1 0 0 0 0 0 1 1 1 1 1 0 1 0 1 0 1 0 1 1 0 1 0 0 1 0 0 1 0 1 0 0 0 0 0 0 1 0 
1 1 1 0 0 0 0 0 1 1 1 1 1 1 1 0 0 1 0 1 0 1 0 1 1 1 1 1 1 0 0 1 0 0 1 1 1 1 0 1 0 1 1 0 0 0 1 0 1 1 0 0 0 1 0 1 0 2 1 0 1 0 1 1 1 1 0 0 1 1 1 1 0 1 0 1 0 0 0 1 0 0 1 1 1 1 0 1 1 0 0 1 0 1 0 1 0 1 0 1 0 1 1 0 0 1 1 0 0 1 1 0 1 2 0 1 0 0 0 0 0 1 1 1 1 1 0 1 0 1 0 1 0 1 1 0 1 0 0 1 0 0 1 0 1 0 0 0 0 0 0 1 0 
0 1 1 0 0 0 0 0 1 1 1 1 1 1 1 0 0 1 0 1 0 1 0 1 1 1 1 1 1 0 0 1 0 0 1 1 1 1 0 1 0 1 1 0 0 0 1 0 1 1 0 0 0 1 0 1 0 2 1 0 1 0 1 1 1 1 0 0 1 1 1 1 0 1 0 1 0 0 0 1 0 0 1 1 1 1 0 1 1 0 0 1 0 1 0 1 0 1 0 1 0 1 1 0 0 1 1 0 0 1 1 0 1 2 0 1 0 0 0 0 0 1 1 1 1 1 0 1 0 1 0 1 0 1 1 0 1 0 0 1 0 0 1 0 1 0 0 0 0 0 0 1 0 
1 0 0 0 1 0 0 1 0 0 0 0 0 0 1 0 0 1 1 1 0 0 1 1 1 0 0 1 1 0 1 1 0 1 1 0 1 0 0 0 1 0 1 0 0 1 1 0 0 0 1 1 1 1 0 0 0 0 1 0 0 1 1 1 1 1 0 1 1 0 1 1 0 0 0 1 0 0 0 0 1 1 2 0 0 0 0 0 1 0 0 1 0 1 1 1 1 1 0 1 0 0 1 0 0 0 1 0 1 1 0 0 0 0 0 1 1 0 0 0 0 1 0 0 0 0 0 1 0 0 0 0 1 0 1 0 1 0 1 1 1 0 0 0 0 0 0 1 1 1 1 1 1 
0 1 1 0 0 0 0 0 1 1 1 1 1 1 1 0 0 1 0 1 0 1 0 1 1 1 1 1 1 0 0 1 0 0 1 1 1 1 0 1 0 1 1 0 0 0 1 0 1 1 0 0 0 1 0 1 0 2 1 0 1 0 1 1 1 1 0 0 1 1 1 1 0 1 0 1 0 0 0 1 0 0 1 1 1 1 0 1 1 0 0 1 0 1 0 1 0 1 0 1 0 1 1 0 0 1 1 0 0 1 1 0 1 2 0 1 0 0 0 0 0 1 1 1 1 1 0 1 0 1 0 1 0 1 1 0 1 0 0 1 0 0 1 0 1 0 0 0 0 0 0 1 0 
1 1 1 0 0 0 0 0 1 1 1 1 1 1 1 0 0 1 0 1 0 1 0 1 1 1 1 1 1 0 0 1 0 0 1 1 1 1 0 1 0 1 1 0 0 0 1 0 1 1 0 0 0 1 0 1 0 2 1 0 1 0 1 1 1 1 0 0 1 1 1 1 0 1 0 1 0 0 0 1 0 0 1 1 1 1 0 1 1 0 0 1 0 1 0 1 0 1 0 1 0 1 1 0 0 1 1 0 0 1 1 0 1 2 0 1 0 0 0 0 0 1 1 1 1 1 0 1 0 1 0 1 0 1 1 0 1 0 0 1 0 0 1 0 1 0 0 0 0 0 0 1 0 
0 1 1 0 0 0 0 0 1 1 1 1 1 1 1 0 0 1 0 1 0 1 0 1 1 1 1 1 1 0 0 1 0 0 1 1 1 1 0 1 0 1 1 0 0 0 1 0 1 1 0 0 0 1 0 1 0 2 1 0 1 0 1 1 1 1 0 0 1 1 1 1 0 1 0 1 0 0 0 1 0 0 1 1 1 1 0 1 1 0 1 1 0 1 0 1 1 1 1 1 0 0 0 1 0 1 0 1 1 1 1 0 0 2 1 1 1 1 0 1 0 1 0 0 1 0 1 1 1 0 0 1 0 1 0 0 0 0 0 1 0 1 0 1 0 1 1 0 0 1 1 1 1 
1 0 1 0 0 0 0 0 1 1 1 1 1 1 1 0 0 1 0 1 0 1 0 1 1 1 1 1 1 0 0 1 0 0 1 1 1 1 0 1 0 1 1 0 0 0 1 0 1 1 0 0 0 1 0 1 0 2 1 0 1 0 1 1 1 1 0 0 1 1 1 1 0 1 0 1 0 0 0 1 0 0 1 1 1 1 0 1 1 0 0 1 0 1 0 1 0 1 0 1 0 1 1 0 0 1 1 0 0 1 1 0 1 2 0 1 0 0 0 0 0 1 1 1 1 1 0 1 0 1 0 1 0 1 1 0 1 0 0 1 0 0 1 0 1 0 0 0 0 0 0 1 0 
0 1 1 0 0 0 0 0 1 1 1 1 1 1 1 0 0 1 0 1 0 1 0 1 1 1 1 1 1 0 0 1 0 0 1 1 1 1 0 1 0 1 1 0 0 0 1 0 1 1 0 0 0 1 0 1 0 2 1 0 1 0 1 1 1 1 0 0 1 1 1 1 0 1 0 1 0 0 0 1 0 0 1 1 1 1 0 1 1 0 0 1 0 1 0 1 0 1 0 1 0 1 1 0 0 1 1 0 0 1 1 0 1 2 0 1 0 0 0 0 0 1 1 1 1 1 0 1 0 1 0 1 0 1 1 0 1 0 0 1 0 0 1 0 1 0 0 0 0 0 0 1 0 
1 1 1 0 0 0 0 0 1 1 1 1 1 1 1 0 0 1 0 1 0 1 0 1 1 1 1 1 1 0 0 1 0 0 1 1 1 1 0 1 0 1 1 0 0 0 1 0 1 1 0 0 0 1 0 1 0 2 1 0 1 0 1 1 1 1 0 0 1 1 1 1 0 1 0 1 0 0 0 1 0 0 1 1 1 1 0 1 1 0 0 1 0 1 0 1 0 1 0 1 0 1 1 0 0 1 1 0 0 1 1 0 1 2 0 1 0 0 0 0 0 1 1 1 1 1 0 1 0 1 0 1 0 1 1 0 1 0 0 1 0 0 1 0 1 0 0 0 0 0 0 1 0 
1 1 1 0 0 0 0 0 1 1 1 1 1 1 1 0 0 1 0 1 0 1 0 1 1 1 1 1 1 0 0 1 0 0 1 1 1 1 0 1 0 1 1 0 0 0 1 0 1 1 0 0 0 1 0 1 0 2 1 0 1 0 1 1 1 1 0 0 1 1 1 1 0 1 0 1 0 0 0 1 0 0 1 1 1 1 0 1 1 0 0 1 0 1 0 1 0 1 0 1 0 1 1 0 0 1 1 0 0 1 1 0 1 2 0 1 0 0 0 0 0 1 1 1 1 1 0 1 0 1 0 1 0 1 1 0 1 0 0 1 0 0 1 0 1 0 0 0 0 0 0 1 0 
0 1 1 0 0 0 0 0 1 1 1 1 1 1 1 0 0 1 0 1 0 1 0 1 1 1 1 1 1 0 0 1 0 0 1 1 1 1 0 1 0 1 1 0 0 0 1 0 1 1 0 0 0 1 0 1 0 2 1 0 1 0 1 1 1 1 0 0 1 1 1 1 0 1 0 1 0 0 0 1 0 0 1 1 1 1 0 1 1 0 0 1 0 1 0 1 0 1 0 1 0 1 1 0 0 1 1 0 0 1 1 0 1 2 0 1 0 0 0 0 0 1 1 1 1 1 0 1 0 1 0 1 0 1 1 0 1 0 0 1 0 0 1 0 1 0 0 0 0 0 0 1 0 
0 1 1 0 0 0 0 0 1 1 1 1 1 1 1 0 0 1 0 1 0 1 0 1 1 1 1 1 1 0 0 1 0 0 1 1 1 1 0 1 0 1 1 0 0 0 1 0 1 1 0 0 0 1 0 1 0 2 1 0 1 0 1 1 1 1 0 0 1 1 1 1 0 1 0 1 0 0 0 1 0 0 1 1 1 1 0 1 1 0 1 1 0 1 0 1 1 1 1 1 0 0 0 1 0 1 0 1 1 1 1 0 0 2 1 1 1 1 0 1 0 1 0 0 1 0 1 1 1 0 0 1 0 1 0 0 0 0 0 1 0 1 0 1 0 1 1 0 0 1 1 1 1 
0 1 1 0 0 0 0 0 1 1 1 1 1 1 1 0 0 1 0 1 0 1 0 1 1 1 1 1 1 0 0 1 0 0 1 1 1 1 0 1 0 1 1 0 0 0 1 0 1 1 0 0 0 1 0 1 0 2 1 0 1 0 1 1 1 1 0 0 1 1 1 1 0 1 0 1 0 0 0 1 0 0 1 1 1 1 0 1 1 0 0 1 0 1 0 1 0 1 0 1 0 1 1 0 0 1 1 0 0 1 1 0 1 2 0 1 0 0 0 0 0 1 1 1 1 1 0 1 0 1 0 1 0 1 1 0 1 0 0 1 0 0 1 0 1 0 0 0 0 0 0 1 0 
0 1 1 0 0 0 0 0 1 1 1 1 1 1 1 0 0 1 0 1 0 1 0 1 1 1 1 1 1 0 0 1 0 0 1 1 1 1 0 1 0 1 1 0 0 0 1 0 1 1 0 0 0 1 0 1 0 2 1 0 1 0 1 1 1 1 0 0 1 1 1 1 0 1 0 1 0 0 0 1 0 0 1 1 1 1 0 1 1 0 0 1 0 1 0 1 0 1 1 1 0 0 0 1 0 1 0 1 1 1 1 0 0 2 1 1 1 1 0 1 0 1 0 0 1 0 1 1 1 0 0 1 0 1 0 0 0 0 0 1 0 1 0 1 0 1 1 0 0 1 1 1 1 
0 1 1 0 0 0 0 0 1 1 1 1 1 1 1 0 0 1 0 1 0 1 0 1 1 1 1 1 1 0 0 1 0 0 1 1 1 1 0 1 0 1 1 0 0 0 1 0 1 1 0 0 0 1 0 1 0 2 1 0 1 0 1 1 1 1 0 0 1 1 1 1 0 1 0 1 0 0 0 1 0 0 1 1 1 1 0 1 1 0 0 1 0 1 0 1 0 1 0 1 0 1 1 0 0 1 1 0 0 1 1 0 1 2 0 1 0 0 0 0 0 1 1 1 1 1 0 1 0 1 0 1 0 1 1 0 1 0 0 1 0 0 1 0 1 0 0 0 0 0 0 1 0 
0 1 1 0 0 0 0 0 1 1 1 1 1 1 1 0 0 1 0 1 0 1 0 1 1 1 1 1 1 0 0 1 0 0 1 1 1 1 0 1 0 1 1 0 0 0 1 0 1 1 0 0 0 1 0 1 0 2 1 0 1 0 1 1 1 1 0 0 1 1 1 1 0 1 0 1 0 0 0 1 0 0 1 1 1 1 0 1 1 0 1 1 0 1 0 1 1 1 1 1 0 0 0 1 0 1 0 1 1 1 1 0 0 2 1 1 1 1 0 1 0 1 0 0 1 0 1 1 1 0 0 1 0 1 0 0 0 0 0 1 0 1 0 1 0 1 1 0 0 1 1 1 1 
1 1 1 0 0 0 0 0 1 1 1 1 1 1 1 0 0 1 0 1 0 1 0 1 1 1 1 1 1 0 0 1 0 0 1 1 1 1 0 1 0 1 1 0 0 0 1 0 1 1 0 0 0 1 0 1 0 2 1 0 1 0 1 1 1 1 0 0 1 1 1 1 0 1 0 1 0 0 0 1 0 0 1 1 1 1 0 1 1 0 0 1 0 1 0 1 0 1 0 1 0 1 1 0 0 1 1 0 0 1 1 0 1 2 0 1 0 0 0 0 0 1 1 1 1 1 0 1 0 1 0 1 0 1 1 0 1 0 0 1 0 0 1 0 1 0 0 0 0 0 0 1 0 
